start=0;


start=1; 
x=500;  
y=-500;  
z=500;    
phi=30; 


start=2;             
q1=1.289;            
q2=-1.0434;          
q3=0.89447;          
q4=-0.11496;         
q5=-0.79129;         
q6=1.052;            
                     
